9.306,3.463,6.238,1.066,4.331,4.117,5.805,9.393,2.539,1.144
6.043,3.669,0.452,5.156,5.502,3.466,7.937,3.641,5.529,0.122
9.019,4.457,9.573,3.930,6.356,5.045,8.833,1.739,8.597,1.965
4.443,6.499,0.151,1.027,7.327,5.026,4.776,1.567,0.690,8.349
4.954,6.077,4.963,1.124,5.484,8.186,2.190,2.876,7.975,5.597
2.447,0.867,7.474,1.151,6.780,8.863,7.987,8.785,7.683,6.356
3.459,3.246,8.773,8.347,3.049,8.385,8.277,4.115,2.194,0.688
9.820,3.678,0.163,7.133,8.872,9.595,4.009,2.532,4.864,8.958
6.609,3.006,7.145,1.402,7.669,5.880,4.747,8.659,4.863,8.028
6.061,5.312,3.315,0.681,7.035,2.751,4.922,7.695,8.821,6.066
4.094,1.612,0.919,3.972,5.406,3.626,7.852,5.494,7.657,6.679
9.140,9.438,9.963,5.242,3.211,9.547,2.089,2.436,5.018,1.702
2.337,6.505,3.180,3.719,8.169,9.524,1.077,3.801,2.851,4.619
5.702,8.980,9.797,3.483,4.126,7.300,1.873,4.012,1.048,8.219
3.538,0.595,4.511,9.502,2.099,0.760,1.112,6.866,7.006,2.158
3.107,9.981,6.061,1.713,1.894,1.694,6.639,6.861,0.663,7.398
5.366,9.219,0.287,7.392,0.616,8.020,4.923,5.440,7.738,7.857
0.817,9.395,3.644,4.074,7.654,5.156,1.805,1.772,5.531,4.191
1.253,7.031,7.302,6.866,6.697,5.958,8.237,9.905,5.043,3.779
3.087,4.791,6.721,8.588,8.355,0.023,3.807,7.134,7.715,3.712
