3.292,1.485,3.456,4.969,3.556,8.243,7.302,9.367,3.299,2.602
9.876,1.266,2.425,6.448,9.697,5.640,3.003,8.483,5.167,3.952
7.373,8.113,9.580,4.713,6.572,5.366,3.738,8.972,8.283,8.298
2.829,3.359,0.108,7.945,6.378,5.804,0.174,5.732,7.802,7.188
1.001,0.696,8.454,4.214,7.179,0.416,5.433,5.555,1.264,4.370
7.656,9.316,4.787,5.135,1.755,5.252,7.304,7.072,8.070,2.538
6.929,2.234,7.023,8.136,3.326,7.305,8.357,0.908,1.659,1.882
4.905,3.470,2.909,7.268,0.925,6.653,4.840,4.977,7.448,5.257
8.920,9.987,6.851,1.553,8.948,6.044,5.594,2.432,4.283,3.542
4.782,3.114,6.924,8.388,8.935,4.694,3.559,7.618,8.999,5.927
8.444,7.479,6.776,8.959,9.786,6.273,5.379,0.854,5.840,8.487
7.049,3.902,5.080,2.462,3.888,8.432,0.166,1.872,4.098,6.272
8.747,6.632,0.882,7.499,7.976,9.415,8.263,5.819,8.217,5.449
5.168,7.584,3.281,8.233,9.993,4.919,1.189,3.814,7.095,6.178
6.864,2.425,7.712,6.433,4.290,4.901,4.916,9.905,6.338,0.060
0.755,9.327,4.705,2.902,1.209,6.438,2.567,9.128,2.951,7.874
6.224,9.986,5.109,5.769,2.305,5.813,5.570,0.135,9.753,8.106
2.901,6.936,6.931,6.562,5.667,6.289,8.831,8.124,8.811,8.104
5.466,0.176,5.807,9.618,0.597,6.649,5.561,4.445,8.315,8.326
8.180,4.132,7.579,2.446,1.175,2.369,3.079,7.546,3.891,7.005
