3.066,0.547,1.806,0.574,6.230,2.837,1.008,5.923,6.648,1.696
5.305,3.766,9.602,1.663,5.829,3.647,5.536,5.031,4.835,2.788
7.666,7.513,4.904,6.953,8.926,7.636,0.900,4.833,5.449,8.080
5.927,1.249,9.816,1.366,2.133,5.955,6.147,3.101,8.378,2.144
4.647,7.317,2.333,9.217,7.042,7.237,3.917,6.015,3.075,2.104
3.811,1.518,7.167,2.085,2.609,5.940,3.781,6.611,7.123,0.867
5.114,8.885,6.438,1.553,9.415,5.948,6.185,9.340,0.965,0.864
1.039,2.699,7.538,8.895,8.636,2.179,7.978,9.027,7.511,9.635
3.180,9.387,1.404,7.338,3.850,7.207,8.114,0.248,9.448,0.838
5.258,8.203,3.728,8.939,0.591,6.590,7.921,6.921,7.629,0.051
5.380,3.742,2.849,9.874,6.213,4.431,7.762,4.185,1.572,6.999
1.697,0.712,3.441,6.193,9.831,9.221,1.470,6.630,5.640,8.041
5.431,0.363,2.785,2.078,0.738,0.045,9.673,7.301,1.771,9.534
5.201,0.107,2.076,8.262,6.047,5.950,1.082,1.195,9.455,6.783
2.155,0.789,3.181,8.749,0.386,3.248,8.707,0.521,7.996,1.941
5.323,5.404,9.576,3.527,7.063,5.177,2.481,6.104,0.425,2.857
3.552,4.094,0.031,4.564,7.448,9.943,3.175,5.747,9.575,8.698
7.908,6.964,1.004,3.372,7.373,2.386,8.347,7.180,3.225,6.594
6.552,9.079,0.885,4.293,7.166,6.726,1.094,4.777,0.167,4.484
5.125,9.009,6.913,0.995,4.316,5.197,4.974,9.937,4.022,6.251
