2.030,6.477,3.464,0.622,7.392,9.762,6.064,0.220,5.998,6.821
2.099,6.217,7.647,7.951,2.169,8.195,3.366,0.094,5.648,6.475
9.377,4.824,2.323,8.252,7.061,5.279,0.157,8.226,7.840,2.589
4.114,9.636,3.502,5.221,5.951,7.120,4.837,0.653,9.677,8.935
7.632,2.486,6.436,4.512,7.181,4.122,9.058,9.683,9.877,6.573
3.111,2.590,8.460,2.689,8.575,6.351,7.865,4.949,2.921,6.164
8.817,5.178,0.068,6.953,8.224,2.597,9.352,6.758,7.465,6.483
6.688,8.262,0.266,7.069,0.968,6.055,0.654,9.826,5.655,1.175
8.795,9.166,6.802,0.150,6.018,5.028,1.077,7.576,3.636,8.069
2.683,8.185,2.033,0.830,5.767,2.854,5.213,5.549,1.013,7.927
6.531,5.866,0.837,1.268,4.251,7.612,6.552,0.083,5.812,7.785
3.469,3.667,4.730,4.276,6.547,4.988,2.732,1.497,3.344,3.516
7.280,3.417,7.417,7.063,5.014,3.978,0.543,4.758,2.513,1.755
4.186,9.769,0.151,7.005,1.297,1.150,7.069,1.559,3.944,1.726
2.331,4.259,2.517,3.838,8.546,2.967,3.435,4.764,6.753,4.933
8.316,0.969,9.586,4.004,1.866,7.562,9.251,1.074,7.249,8.073
1.527,2.818,2.331,8.939,7.967,2.220,5.798,2.502,3.316,0.732
4.225,5.315,6.977,6.372,1.820,9.100,7.742,3.671,4.864,3.490
1.789,4.899,6.386,3.693,7.884,2.843,0.783,0.066,5.742,3.965
7.951,1.945,2.459,7.845,3.024,9.586,6.544,0.487,6.680,4.618
