8.534,0.227,4.345,6.512,8.007,9.871,8.203,9.755,0.547,4.552
3.248,5.510,3.354,8.407,6.462,2.575,0.512,4.899,0.330,2.414
6.878,5.648,9.254,1.887,2.193,6.899,8.788,7.678,2.208,8.492
2.853,4.942,9.840,6.960,8.482,7.520,9.189,1.407,8.842,3.669
9.116,7.803,1.516,3.806,0.015,9.059,0.414,6.835,1.625,0.738
1.823,3.221,0.793,2.849,0.088,8.207,9.945,4.335,2.503,4.027
3.988,9.150,5.115,0.029,7.805,3.134,7.793,7.782,2.730,3.165
1.450,2.727,5.419,6.807,4.872,6.097,0.585,5.918,0.184,1.299
4.515,6.824,5.490,2.779,1.111,1.423,5.560,6.452,6.464,3.255
1.927,4.113,4.561,7.090,3.886,6.373,6.366,5.916,1.036,3.147
5.860,9.415,7.850,6.609,1.117,8.432,0.213,1.079,0.976,2.248
7.466,0.367,6.223,4.576,1.767,0.337,0.110,3.523,7.137,7.815
8.725,0.723,4.215,1.114,5.278,9.669,4.420,6.465,0.878,3.153
7.771,1.652,3.552,4.776,4.820,8.047,5.111,8.660,8.514,8.214
9.154,7.706,7.425,7.319,2.954,2.945,8.084,2.943,7.589,6.953
3.054,4.067,9.650,7.335,0.057,0.481,2.968,2.383,7.336,0.890
2.386,8.194,7.767,0.807,8.033,0.393,1.797,3.974,6.820,2.949
4.329,9.223,3.284,8.526,1.890,9.661,3.219,8.353,5.558,5.949
5.386,7.785,5.908,4.857,6.000,4.625,0.232,1.070,4.280,9.803
5.890,2.872,1.185,9.047,8.180,4.621,8.009,8.058,5.018,4.454
