3.779,1.744,1.316,4.006,8.646,0.937,9.955,3.243,3.656,8.722
9.092,7.764,2.553,0.198,8.231,4.838,3.138,3.540,2.789,8.737
5.858,1.108,4.087,9.534,8.822,3.607,6.098,7.011,4.799,1.749
4.779,1.052,0.734,9.593,2.808,1.894,7.557,8.390,0.790,0.882
8.288,0.762,5.542,0.532,5.914,8.990,7.144,6.643,4.608,7.960
2.600,3.838,0.534,6.685,4.935,8.511,8.351,1.006,5.582,1.585
1.288,7.480,6.390,8.178,6.400,0.831,0.214,1.871,2.248,5.399
8.614,5.923,5.818,9.748,1.855,9.376,3.163,2.613,2.039,6.850
5.034,5.513,3.623,1.529,6.912,5.516,6.340,9.281,0.780,7.850
5.382,0.373,4.536,3.388,1.843,8.140,8.001,5.753,1.092,9.962
0.064,0.657,6.251,2.293,4.268,5.753,7.149,8.909,7.495,9.201
1.030,2.970,9.481,4.047,5.211,7.824,9.069,5.792,0.296,5.953
0.059,7.405,0.758,9.345,4.038,1.560,5.201,2.271,5.911,4.097
4.455,0.817,7.152,2.457,1.802,3.495,9.893,4.292,9.144,0.336
8.149,0.266,5.921,8.496,9.596,8.584,9.025,3.501,0.822,8.810
5.954,7.190,1.514,5.470,9.126,1.890,4.779,0.187,6.716,6.576
8.272,6.841,5.659,1.082,6.864,6.827,8.807,9.269,8.117,0.176
0.172,6.055,5.712,3.396,9.437,6.257,1.272,3.816,4.037,8.376
0.584,9.477,8.600,8.592,7.699,3.888,5.127,8.537,6.165,0.502
8.988,5.225,9.201,7.465,6.232,6.598,8.143,8.963,7.935,0.286
