1.396,7.456,4.699,1.839,4.950,1.072,7.456,4.280,8.049,2.340
4.690,5.492,7.690,5.505,2.992,9.221,6.083,1.311,7.761,2.452
3.999,4.818,9.654,2.590,2.457,4.695,0.320,3.271,1.136,5.362
3.197,8.837,2.469,3.147,8.980,0.249,7.089,8.047,9.901,9.462
1.511,1.279,7.893,5.973,8.686,7.624,8.107,6.587,9.153,5.099
2.783,9.834,5.562,3.747,3.319,3.605,1.660,6.097,5.600,5.042
5.587,1.556,8.050,1.438,0.119,3.905,0.685,5.946,9.028,7.146
1.331,1.521,9.255,5.890,1.889,9.275,1.649,4.840,4.776,6.910
1.632,6.771,7.939,4.200,9.794,6.275,0.218,3.908,1.098,3.449
1.683,3.317,0.977,9.159,7.373,5.781,9.253,5.520,4.973,8.514
1.594,6.126,2.651,9.594,2.841,2.265,3.241,8.100,6.339,0.994
9.382,2.488,8.413,1.927,2.686,3.299,4.561,1.143,7.820,8.535
9.623,3.304,1.253,6.505,2.977,8.083,2.187,7.492,2.279,3.217
8.083,5.728,1.347,2.307,0.137,0.651,7.014,3.521,5.533,9.417
7.250,2.172,5.644,0.984,4.420,7.991,0.078,6.692,1.630,1.931
6.200,9.964,6.277,9.869,0.693,7.452,9.635,3.784,7.348,6.023
0.400,1.805,8.672,2.980,2.831,1.371,8.038,1.205,3.524,2.898
9.117,7.754,5.376,4.091,7.369,4.618,6.822,8.053,1.705,6.453
2.158,4.025,9.314,1.773,2.235,8.335,9.356,5.150,1.514,8.951
0.499,9.903,5.422,4.170,4.969,8.618,2.740,5.624,5.472,0.383
