4.611,3.795,7.672,2.465,8.506,4.355,7.966,7.211,7.503,8.474
2.776,9.225,6.591,8.246,2.484,0.889,2.307,7.544,7.715,2.326
0.546,3.439,6.057,4.081,2.861,9.303,9.027,9.699,3.379,1.104
2.629,5.903,9.834,6.958,7.964,0.897,5.047,9.919,7.532,6.027
0.323,9.324,9.645,7.678,4.213,2.567,2.469,8.546,0.299,4.025
5.390,3.576,7.325,7.417,2.505,1.126,6.724,3.299,2.040,7.808
1.918,8.427,8.591,4.594,8.262,3.790,5.682,6.461,2.998,4.048
8.737,5.866,8.258,7.708,9.810,3.735,0.830,0.256,8.288,5.181
8.316,0.911,4.339,9.195,5.734,3.333,4.174,7.474,9.039,2.595
1.364,6.800,4.969,1.179,2.610,1.935,2.975,6.548,8.533,9.210
7.173,4.981,7.294,2.826,8.555,7.922,4.154,1.980,5.260,7.982
5.619,2.049,3.106,7.892,5.016,3.954,6.225,4.820,8.325,4.229
4.187,7.546,8.853,6.150,8.279,0.056,2.665,8.859,0.791,0.711
9.246,4.264,8.175,5.283,1.819,1.617,2.710,3.058,6.172,3.755
8.886,1.631,1.021,3.241,0.358,8.641,3.065,9.279,6.806,1.446
2.921,7.764,4.395,1.836,2.665,4.855,1.057,9.368,4.032,9.269
6.662,5.128,2.808,3.152,9.708,1.674,9.406,3.565,3.738,8.738
5.646,0.948,8.728,0.564,3.552,2.847,5.044,2.844,0.247,1.157
9.895,2.123,3.549,0.775,2.311,8.698,1.761,1.687,3.268,7.342
4.769,2.741,1.885,3.337,0.712,6.478,1.491,1.053,2.664,2.538
