4.512,2.648,1.195,4.023,5.822,0.079,6.394,3.622,1.369,9.483
3.572,2.922,4.623,6.309,4.189,2.655,1.559,2.671,6.878,0.418
0.448,7.326,1.015,9.547,8.345,2.036,0.630,5.612,8.124,8.830
7.275,5.773,4.103,1.344,1.357,2.022,5.913,8.023,8.241,0.700
8.220,1.266,1.730,0.140,9.317,1.752,4.683,3.416,6.749,9.937
7.006,2.662,0.756,5.679,8.068,7.291,3.915,0.869,4.970,9.002
8.771,0.468,4.416,2.332,4.487,3.748,9.223,4.696,2.960,4.332
2.544,0.396,7.165,3.350,1.205,3.531,8.136,9.174,8.883,4.508
7.618,9.554,5.804,3.689,6.790,0.156,7.390,2.596,9.509,0.958
2.210,9.954,4.906,2.440,2.490,0.709,5.836,4.276,2.394,6.531
3.685,8.493,0.665,3.141,5.543,5.318,6.571,1.125,9.897,0.241
2.348,7.597,9.822,5.257,1.209,7.748,0.089,2.440,3.034,6.155
1.200,5.874,5.611,4.964,8.108,8.812,8.060,2.959,1.351,1.094
0.344,4.493,2.808,6.252,8.403,0.133,7.962,1.387,3.584,7.352
9.991,6.707,5.770,3.009,0.384,9.404,5.431,8.235,1.794,4.697
2.007,0.571,3.653,0.343,7.710,0.894,4.540,5.645,8.057,1.931
3.192,1.614,2.384,3.445,6.206,9.153,4.633,1.750,0.562,6.294
8.080,4.221,0.862,1.488,4.347,5.690,8.769,1.602,9.938,7.173
6.481,3.179,9.501,7.353,8.273,1.470,3.340,0.145,2.915,3.042
2.771,1.355,4.556,6.615,9.174,7.864,3.463,6.926,1.672,1.719
