3.225,8.765,9.509,3.481,1.465,7.946,1.074,5.407,5.572,4.151
6.980,2.758,3.051,4.973,1.716,6.891,8.798,7.229,3.313,2.858
2.097,3.518,4.400,4.749,6.323,5.707,2.012,1.310,9.223,6.061
8.495,1.757,4.386,9.426,7.584,6.129,5.124,6.276,8.668,6.576
8.048,8.833,7.753,2.851,8.670,0.377,5.369,9.574,0.664,9.417
2.688,0.972,8.050,3.420,2.777,7.458,8.468,9.031,7.360,4.636
4.654,3.788,2.234,0.852,0.888,5.742,6.516,3.571,5.329,0.523
6.498,8.149,5.202,1.468,9.115,5.443,3.186,0.663,5.708,6.725
3.221,7.552,7.229,9.743,1.875,5.657,5.961,1.598,8.353,0.337
0.925,7.925,0.997,4.990,0.809,6.120,7.789,6.611,2.387,3.411
3.106,9.377,3.465,8.094,6.378,0.277,7.729,8.030,3.175,0.552
8.848,4.864,4.819,1.709,4.651,5.466,4.160,5.751,8.801,8.286
4.573,9.359,1.059,9.098,7.097,3.484,0.536,9.370,9.280,3.691
7.478,2.421,5.813,1.995,9.148,3.774,5.693,9.089,2.136,2.484
2.187,4.432,9.923,9.306,4.608,6.482,4.099,5.609,0.700,4.123
4.180,4.393,8.136,9.212,6.460,7.730,8.248,7.083,1.018,3.400
3.473,5.658,8.551,9.741,2.913,4.920,2.466,4.172,8.370,7.511
1.158,0.340,9.238,2.622,7.150,7.068,0.044,4.640,5.747,8.648
5.115,9.354,8.842,8.649,7.147,5.684,1.261,0.311,7.801,5.279
6.447,5.764,1.636,3.028,5.933,8.756,9.062,4.349,1.254,8.316
