7.094,8.745,8.587,9.945,8.840,9.079,3.815,5.207,6.253,5.322
1.425,4.104,6.374,1.040,5.107,6.763,6.937,3.165,7.905,6.547
4.740,1.057,6.225,3.726,7.915,2.174,9.656,7.738,7.681,5.469
5.634,5.280,7.596,9.594,7.876,2.426,0.924,7.711,5.306,9.558
9.558,0.782,0.029,5.350,3.224,7.718,4.116,2.516,0.790,6.680
7.582,7.130,7.684,3.846,1.619,9.354,4.976,0.092,7.738,8.926
6.433,5.585,8.297,9.341,6.588,1.587,4.427,5.872,8.840,3.062
4.557,3.521,9.484,2.590,4.171,3.365,2.458,2.455,6.590,1.015
3.868,1.244,3.293,6.780,2.823,5.866,9.116,3.124,7.785,7.048
3.489,9.311,1.278,7.086,0.392,5.645,3.462,9.894,9.241,7.963
6.665,8.013,4.114,5.032,9.590,2.659,4.090,4.415,6.810,9.909
2.982,0.287,4.488,5.055,0.570,3.709,7.372,2.504,5.320,3.793
6.006,2.670,2.339,9.350,5.458,4.327,5.971,8.149,3.760,0.126
7.907,9.992,9.032,7.978,8.416,4.774,2.963,7.809,8.188,6.884
5.323,8.474,0.893,5.103,6.040,3.200,1.134,6.289,4.113,7.433
6.272,8.275,8.719,5.776,5.521,9.052,8.131,0.774,6.574,3.143
0.691,1.411,7.169,6.529,6.794,3.753,6.986,8.094,7.994,1.898
3.679,4.701,7.250,1.337,9.153,1.358,2.476,8.882,1.248,2.963
3.878,1.411,6.478,1.545,3.535,4.518,6.736,0.940,6.288,6.302
3.020,0.844,8.018,1.514,1.341,1.858,6.031,8.490,8.966,0.905
