0.345,0.623,5.008,5.105,4.334,3.944,5.827,8.125,9.034,5.801
6.043,6.980,9.837,5.727,4.363,3.010,1.412,1.746,0.870,8.476
0.887,5.847,7.122,6.214,6.621,0.576,8.027,5.880,5.122,0.553
3.830,1.960,0.390,8.103,3.002,6.642,2.783,6.617,2.727,5.286
1.359,6.909,5.823,9.613,6.418,4.815,8.505,3.357,8.326,2.007
9.016,1.509,5.506,1.673,9.756,2.489,6.990,6.405,1.768,5.766
1.704,3.677,4.917,1.065,9.130,2.046,8.966,2.024,1.539,1.091
9.173,3.125,3.455,2.963,6.759,0.627,0.256,0.586,4.874,2.733
5.637,8.890,3.903,5.403,6.816,1.081,8.486,7.227,5.159,3.195
8.361,0.264,5.307,7.727,9.100,3.014,8.123,1.020,5.840,3.302
7.398,6.135,6.073,4.567,0.224,1.017,0.184,1.116,4.406,5.644
6.559,4.024,0.452,2.227,7.526,1.107,6.950,5.788,4.598,8.823
4.974,2.461,3.564,9.710,2.125,7.052,1.689,8.054,6.947,6.275
7.202,3.299,7.005,3.289,4.488,5.962,4.508,5.421,6.566,6.059
1.970,1.758,5.405,0.224,2.181,0.045,6.399,3.612,5.536,2.018
0.125,0.501,9.001,2.582,0.091,5.274,8.092,6.625,4.210,8.562
4.281,8.122,7.009,2.763,4.391,2.220,0.372,8.601,9.740,3.935
5.353,7.937,8.168,4.541,3.083,4.064,1.428,8.412,8.605,1.098
9.779,8.882,2.181,5.065,4.729,3.839,1.275,9.665,6.543,2.983
0.051,6.578,9.939,2.086,0.541,2.224,1.130,4.308,5.135,1.440
