3.325,8.811,9.365,8.656,9.935,8.671,5.759,7.699,4.619,9.564
7.204,8.161,1.272,0.642,5.108,4.273,1.583,2.225,9.746,0.849
0.611,0.608,9.036,8.895,0.479,1.019,9.547,6.305,1.780,1.001
4.692,7.695,8.670,5.633,7.759,8.457,2.990,0.300,8.151,8.774
2.416,3.760,9.312,4.813,0.749,4.962,2.446,5.248,7.916,8.322
0.530,5.712,8.510,6.676,6.828,6.391,9.109,2.435,9.781,2.312
0.425,3.579,7.991,8.556,1.545,0.118,1.398,5.818,2.707,9.686
3.534,0.590,1.970,3.047,5.008,6.315,1.620,7.814,8.312,4.475
8.345,1.037,7.194,7.154,0.033,4.061,1.837,6.255,9.577,5.208
7.678,4.173,4.615,6.530,5.948,5.908,8.311,4.792,3.215,4.679
2.330,3.494,7.779,2.158,7.304,1.627,6.087,4.242,6.884,3.544
8.852,0.615,8.546,4.868,8.461,9.667,1.157,8.250,1.423,6.907
2.605,0.122,4.065,3.315,7.676,4.797,6.225,6.497,5.495,4.989
1.671,6.667,3.103,7.350,4.324,4.196,0.777,3.002,9.622,3.005
5.437,1.964,1.914,6.466,8.493,9.008,2.474,5.445,7.278,2.263
9.104,2.484,4.898,2.832,6.247,9.862,8.038,2.367,5.683,1.582
5.585,1.012,8.427,1.107,1.731,9.371,4.250,1.752,3.018,9.356
1.875,7.566,8.560,6.384,5.263,4.653,5.636,2.198,6.065,8.896
5.962,2.462,1.349,1.390,6.135,8.968,1.890,6.591,1.739,0.832
6.678,2.092,3.986,0.005,9.661,8.088,4.954,0.064,1.709,5.826
