4.857,2.412,7.803,8.251,6.805,1.168,5.267,4.560,0.730,4.795
4.568,2.899,0.684,1.315,4.382,3.777,9.399,4.105,6.752,4.214
6.515,9.280,6.207,6.079,0.683,2.941,8.245,6.110,7.311,5.975
6.253,4.659,8.839,0.525,6.255,5.993,2.920,7.773,2.713,6.137
5.655,5.747,8.644,5.943,8.879,4.733,6.024,9.998,6.183,2.619
8.353,7.721,6.174,6.207,8.547,0.798,2.053,6.660,0.758,9.091
6.824,5.502,5.433,9.893,3.867,7.958,9.329,6.413,3.982,3.588
2.552,3.659,2.478,0.079,4.155,7.662,2.411,0.451,4.390,3.421
9.055,1.862,7.569,1.867,5.946,7.973,3.257,8.512,5.925,3.882
2.523,2.117,6.793,3.833,6.321,3.124,7.931,6.557,3.315,4.392
4.283,8.117,3.975,0.621,2.114,3.419,1.299,7.521,6.903,2.625
3.669,9.186,9.361,8.390,2.067,3.795,0.553,1.002,4.097,6.317
3.579,0.424,9.582,1.508,6.007,1.587,1.570,3.367,6.518,3.784
5.416,9.632,2.464,1.851,4.993,9.814,6.450,4.990,3.659,6.345
2.278,1.322,9.904,2.967,9.682,3.808,0.700,1.867,4.481,8.814
6.587,2.938,2.694,4.026,7.462,5.035,5.570,3.263,7.970,8.478
2.719,1.730,5.335,8.716,6.564,7.231,1.841,1.571,2.045,4.344
3.830,5.613,1.541,1.368,7.494,9.285,1.541,9.960,0.126,2.198
0.105,6.977,7.671,7.992,5.035,8.301,6.964,8.833,5.998,1.829
7.430,1.020,5.951,1.255,4.936,7.884,9.108,8.565,1.271,4.149
