9.880,8.541,4.884,3.288,6.377,8.422,8.178,6.904,0.985,1.946
0.633,5.352,0.144,3.243,5.566,7.981,7.610,3.787,7.207,7.166
1.077,3.029,4.295,8.468,1.028,5.907,6.469,7.954,2.621,9.439
0.214,2.881,1.930,7.069,5.386,3.993,2.797,5.872,0.904,8.182
1.937,2.272,0.278,7.142,3.158,0.722,0.124,7.785,0.524,5.449
8.543,1.112,7.135,3.938,1.435,1.508,6.718,0.910,1.832,1.733
4.877,9.120,8.338,1.187,7.461,8.352,3.664,9.190,6.321,3.836
7.676,7.194,5.647,5.989,0.248,4.058,9.167,0.073,6.937,9.804
7.391,9.156,4.850,1.382,3.786,0.462,4.667,2.281,4.287,3.670
0.628,7.189,1.220,2.132,8.860,2.130,4.956,5.592,1.557,2.956
3.740,7.893,1.241,8.238,3.833,0.075,2.338,3.406,5.457,1.669
2.109,4.412,6.428,6.411,8.380,8.984,3.197,4.717,7.786,0.964
3.307,7.057,4.447,8.296,5.313,0.584,1.584,5.970,7.409,2.455
5.001,2.251,8.411,0.707,2.341,2.771,1.053,3.756,9.392,0.988
3.228,7.111,9.677,6.692,3.572,7.133,9.287,4.434,3.124,5.681
8.926,5.186,3.403,4.680,0.972,0.651,9.119,6.752,6.106,7.440
6.016,8.507,5.176,8.107,1.046,4.052,7.963,9.400,8.264,5.231
5.307,2.356,6.841,7.954,6.266,6.413,1.775,7.360,9.633,5.110
1.690,2.876,6.011,9.229,0.315,3.287,9.019,4.929,5.204,1.588
2.938,0.549,7.732,0.693,9.901,7.473,3.044,6.483,7.923,1.916
