9.326,8.325,2.672,9.332,3.376,0.122,4.413,3.364,9.456,4.176
9.531,5.808,6.902,3.742,0.147,5.414,1.781,1.425,8.738,8.347
2.862,0.284,7.202,3.408,9.698,3.818,2.276,3.378,0.653,2.869
2.227,1.261,6.658,0.811,4.050,8.248,6.366,0.961,2.983,5.100
1.418,5.759,9.316,9.917,0.999,6.575,6.526,3.694,3.879,6.836
1.859,5.534,4.819,7.949,6.728,5.305,0.949,4.483,2.187,2.903
8.313,5.620,1.550,1.279,2.684,3.753,2.858,7.237,6.364,4.097
7.436,2.725,9.951,1.821,2.398,7.116,1.246,0.230,6.460,3.323
7.257,6.718,5.451,0.098,2.870,1.720,4.052,5.207,6.299,5.971
8.287,4.085,1.055,9.645,0.792,7.134,4.175,3.861,1.663,0.527
7.525,1.564,3.538,3.311,3.736,8.057,1.265,9.951,8.035,2.919
6.118,2.411,0.081,1.442,1.679,8.129,2.212,7.363,6.513,1.934
8.143,0.653,7.107,7.651,8.480,6.294,5.591,7.703,4.260,5.107
1.974,3.224,3.605,1.668,8.560,2.748,9.365,1.725,7.222,3.610
0.937,2.158,2.424,6.790,9.933,7.365,0.652,2.289,0.160,8.106
2.023,4.644,9.519,8.503,4.353,0.475,2.731,4.178,3.564,8.485
6.410,6.301,5.915,7.442,5.677,6.578,4.895,4.091,8.327,2.630
6.552,5.744,7.156,8.015,4.486,9.333,5.015,9.030,3.934,4.361
5.881,3.771,5.940,8.820,9.246,0.440,4.995,0.877,3.291,5.734
2.121,2.999,5.287,4.976,4.690,6.637,0.563,9.654,2.385,1.414
