4.369,2.411,6.062,8.403,9.100,1.375,8.077,0.926,6.283,5.410
2.909,3.824,6.888,2.966,8.853,0.218,0.037,7.992,5.093,7.329
1.745,7.937,7.925,6.773,6.416,7.427,8.676,7.153,9.211,6.603
9.198,9.461,4.984,5.937,7.461,0.623,9.400,1.966,9.219,1.593
3.787,3.874,8.735,3.207,3.280,1.530,2.208,0.241,7.295,0.996
9.978,7.159,0.637,1.357,2.263,2.617,9.221,5.261,7.855,7.583
8.952,9.817,4.511,4.377,9.010,6.051,9.072,6.192,3.094,6.067
7.908,8.097,7.672,2.788,4.848,8.203,2.181,3.197,0.623,3.445
4.712,9.545,2.256,3.584,7.799,3.477,2.441,4.419,4.451,8.724
7.023,6.982,3.033,9.710,0.579,1.383,7.457,7.860,2.506,8.011
4.444,7.995,0.805,2.394,8.135,6.788,8.963,6.526,1.633,8.544
2.518,2.660,2.786,0.498,7.701,5.917,1.667,3.087,8.173,5.371
1.686,7.415,5.361,1.145,0.677,0.623,8.792,1.192,6.456,3.053
3.449,2.822,7.800,4.182,9.179,9.693,5.098,6.159,3.624,8.503
7.809,8.528,7.145,0.295,6.088,9.465,4.174,3.192,9.883,7.642
2.928,2.214,5.450,4.556,6.666,7.950,7.750,3.460,8.408,9.236
1.973,7.121,1.940,6.265,4.239,4.162,6.111,8.148,1.173,5.688
8.953,7.510,1.596,8.384,9.489,6.554,6.735,7.688,9.203,0.642
9.069,6.346,4.283,6.807,9.502,2.020,6.431,6.979,4.648,0.661
8.466,8.161,8.043,2.667,5.687,9.838,4.875,5.458,7.055,4.754
