2.073,0.211,5.246,4.380,2.807,9.924,6.715,9.577,0.598,2.933
9.390,1.559,3.251,2.291,5.215,6.808,6.614,8.825,1.075,3.526
4.830,8.686,3.098,8.408,5.303,3.982,7.212,0.795,4.208,6.633
5.006,3.850,7.332,8.684,6.995,5.516,1.188,1.583,5.531,5.647
8.596,9.157,3.371,1.443,8.837,2.853,1.314,6.184,5.005,1.714
9.068,4.073,3.129,0.446,9.789,9.387,2.137,3.974,5.818,0.496
9.374,1.849,3.471,0.307,5.320,5.304,1.743,1.768,8.894,7.582
9.327,7.794,9.889,2.746,1.234,2.066,3.455,4.742,1.190,7.941
6.266,4.834,4.731,2.634,3.304,7.211,0.327,4.186,5.026,4.998
6.749,8.509,7.012,4.188,6.585,4.371,8.526,8.572,4.402,0.633
4.314,8.710,7.626,5.405,7.250,2.580,6.117,8.958,1.909,2.529
0.829,3.219,7.438,1.919,1.408,1.948,9.348,5.987,8.422,3.540
1.405,2.193,1.347,1.955,4.446,0.615,1.150,4.806,8.283,1.540
1.020,0.913,7.911,4.312,4.264,3.608,2.171,4.670,7.685,7.386
1.299,8.698,4.941,2.371,5.446,2.911,4.703,7.078,6.024,2.272
9.751,7.375,3.874,8.073,3.788,7.930,6.313,3.200,4.329,3.023
6.817,4.069,2.078,5.523,0.789,3.911,0.569,6.435,5.373,0.123
1.787,2.449,4.158,9.849,7.523,2.073,8.944,7.719,3.583,2.597
7.581,0.483,2.021,4.969,5.589,9.871,4.989,7.496,6.985,1.745
1.127,6.544,8.095,1.385,4.046,3.760,0.691,6.004,5.645,9.413
