6.190,2.187,8.678,0.744,5.437,4.264,6.371,4.968,0.290,1.961
2.950,8.545,7.311,1.098,5.123,6.213,1.441,9.425,7.606,9.016
2.608,3.273,5.823,6.094,4.925,4.262,6.570,8.465,6.282,1.100
6.222,2.640,4.146,3.915,8.397,1.037,4.924,7.931,7.465,1.855
8.950,8.345,3.071,3.819,1.424,3.919,4.468,5.813,3.300,9.301
5.970,1.031,4.869,9.112,0.697,8.774,8.643,5.093,6.394,3.170
6.812,9.142,5.461,3.245,8.934,9.378,1.812,5.033,3.572,1.957
4.696,6.795,3.392,2.843,2.750,1.665,7.835,0.463,7.139,8.450
3.867,0.251,6.908,2.196,7.742,9.014,0.298,5.175,3.350,2.798
7.296,4.276,9.841,6.295,2.432,4.728,6.882,9.097,9.574,8.231
4.858,5.266,7.507,6.543,6.420,1.334,7.562,9.412,7.931,7.051
8.621,5.167,2.054,2.050,4.373,3.871,2.742,0.977,2.155,1.224
9.211,3.487,6.950,0.753,9.251,5.866,6.104,7.604,7.791,3.554
5.269,0.076,9.814,1.648,2.512,2.514,0.807,9.382,8.840,7.359
8.371,3.978,6.944,8.096,3.496,0.095,2.455,5.294,2.439,0.194
6.387,5.967,5.021,1.801,9.976,7.903,5.072,8.914,9.740,3.304
0.396,3.137,0.022,0.189,2.763,4.586,5.014,9.673,4.378,9.865
2.145,0.670,8.898,0.643,4.230,3.036,4.415,2.952,9.743,7.045
6.608,8.745,6.768,4.615,3.702,1.664,3.633,8.020,0.001,0.295
4.148,3.541,7.013,7.293,0.513,7.778,7.299,7.179,9.367,7.323
