7.927,7.318,9.405,6.207,6.785,0.912,7.562,7.084,8.198,3.134
3.514,7.922,2.425,1.594,8.425,4.252,7.074,8.945,7.756,0.751
9.820,0.193,3.181,2.072,6.822,6.081,5.788,1.379,9.833,5.100
0.172,1.213,3.351,7.133,7.964,6.429,7.815,2.631,5.791,2.859
1.123,3.417,6.701,9.360,5.732,3.965,3.333,2.089,9.070,2.779
4.294,3.408,0.981,8.871,8.631,0.045,0.360,5.767,4.594,8.052
6.076,2.067,6.600,5.901,6.870,3.388,4.691,0.440,2.489,9.875
1.888,5.703,6.972,0.424,6.300,3.204,5.447,3.672,3.938,7.403
5.106,6.850,2.280,2.173,7.370,8.291,0.568,8.350,8.018,6.602
5.783,6.839,4.261,6.886,1.779,9.017,2.836,7.523,1.962,0.726
0.775,1.455,3.929,5.450,7.456,6.083,4.278,5.649,1.798,8.516
2.808,8.508,1.692,5.908,6.139,6.481,6.305,4.932,7.129,9.166
4.232,7.114,1.322,2.444,8.252,8.993,3.226,8.614,5.155,2.933
9.172,9.089,4.700,7.346,9.390,5.111,6.116,2.622,0.798,7.307
6.873,6.443,3.340,3.641,1.890,3.987,5.333,2.300,8.720,4.216
1.375,6.591,8.213,5.118,0.340,4.946,2.794,3.584,0.078,1.261
8.279,4.881,7.317,4.610,2.143,7.228,7.298,8.588,0.218,7.412
7.569,2.039,7.007,0.366,1.410,8.988,3.919,8.007,0.715,8.649
2.733,5.068,6.824,8.475,1.699,1.005,9.820,0.675,0.172,3.103
6.967,2.117,8.520,8.539,1.754,5.765,0.694,9.438,4.812,0.221
