6.143,2.272,7.938,9.904,1.499,0.357,6.294,7.100,8.356,8.065
6.648,9.536,7.059,8.881,7.379,8.918,0.225,9.552,1.874,4.593
0.971,2.936,5.427,9.948,1.211,6.714,0.272,7.661,1.665,4.098
3.509,3.237,3.698,2.373,0.460,4.124,6.633,1.463,9.084,0.586
5.127,8.281,9.226,0.620,3.430,2.193,9.037,2.197,6.831,1.377
8.698,7.269,8.315,3.050,0.383,4.552,1.408,9.259,9.907,1.563
2.107,2.753,3.969,0.802,3.917,7.431,6.555,0.516,1.724,9.228
5.898,8.792,2.557,7.865,3.503,9.233,4.784,6.007,2.187,0.746
4.798,8.486,3.196,8.909,2.767,6.190,3.927,5.427,2.706,9.949
1.882,9.206,6.879,1.879,4.466,3.320,4.556,9.087,7.221,0.402
4.735,4.927,5.695,7.613,1.457,4.255,6.321,3.908,6.655,8.489
5.477,2.565,5.230,0.540,6.504,3.316,3.188,6.716,2.852,5.614
7.659,1.256,9.322,4.376,3.341,2.543,8.398,4.888,2.189,3.750
2.024,8.686,7.976,0.147,4.131,2.039,7.621,2.701,4.614,8.863
0.753,2.408,4.749,8.706,7.377,6.541,4.063,8.364,4.814,0.494
6.583,6.624,6.909,2.184,0.812,2.354,8.003,5.890,7.290,3.924
5.485,0.581,1.099,2.979,2.670,0.825,1.380,3.372,4.011,9.245
5.728,1.617,4.232,3.881,6.483,2.448,3.364,9.529,4.250,0.559
6.632,6.227,5.048,5.509,2.824,7.242,9.976,6.462,5.991,7.343
0.670,3.518,5.005,0.968,1.684,1.064,9.369,1.334,1.069,6.766
