9.151,5.574,3.801,8.868,3.377,7.981,4.142,8.830,5.270,7.643
6.507,1.195,8.547,8.032,7.024,1.563,3.000,3.614,4.512,9.599
6.549,9.784,1.268,6.832,4.522,4.868,5.943,1.599,8.035,7.279
5.725,3.207,6.076,9.190,4.160,5.646,9.133,4.867,9.954,1.789
9.394,3.472,1.168,0.947,8.385,0.445,7.060,1.670,6.147,8.697
8.255,4.080,7.848,5.136,1.167,0.431,2.294,7.661,0.172,3.919
4.662,5.789,8.504,5.235,0.578,0.631,4.018,0.989,6.181,7.065
4.743,2.950,0.227,2.130,3.638,9.206,1.064,3.207,7.402,5.931
7.929,5.708,1.687,1.354,7.945,4.522,5.300,9.162,1.813,5.560
9.384,4.509,4.590,0.933,8.791,0.689,7.508,1.092,0.496,6.108
0.073,3.581,7.010,5.764,5.953,3.943,3.226,0.207,7.670,6.641
5.351,4.226,3.812,3.395,0.488,8.065,2.143,3.947,7.034,4.076
9.696,6.382,8.974,4.366,3.046,0.263,2.011,8.569,8.023,3.254
7.386,2.546,3.815,9.404,7.471,7.711,4.087,4.491,9.034,8.722
8.951,4.195,9.222,8.307,8.087,5.317,7.387,9.721,0.859,3.051
2.609,6.254,2.365,4.718,9.578,6.675,5.928,6.724,8.747,1.629
3.334,1.847,7.490,6.635,4.120,9.077,2.209,3.326,5.573,8.256
0.286,7.211,4.337,3.460,1.665,8.659,8.693,7.655,6.157,4.831
8.833,6.611,5.227,2.163,9.615,1.661,1.613,9.822,3.238,9.928
3.567,6.955,4.845,3.159,9.411,1.720,7.395,5.938,0.490,5.632
