2.435,3.759,0.621,3.760,9.239,9.236,6.468,6.217,2.317,8.002
7.695,4.183,2.682,2.434,1.682,7.990,8.759,7.215,8.534,4.226
5.015,1.392,9.521,8.737,1.663,0.035,8.842,7.962,3.422,7.789
2.162,5.191,9.133,4.720,9.154,2.047,2.200,3.739,7.206,8.950
0.058,7.241,8.332,0.378,6.829,3.080,3.127,2.242,6.705,4.285
7.460,2.846,9.739,9.726,9.801,7.156,7.394,2.326,4.523,7.385
1.131,2.155,1.224,4.242,4.140,5.770,2.847,3.938,3.654,3.380
2.091,1.232,0.405,9.953,2.790,1.490,1.993,5.483,0.916,0.452
4.902,7.573,0.586,0.106,7.319,3.916,1.036,4.442,3.083,0.487
3.083,3.090,4.559,2.470,8.438,4.360,6.184,4.559,1.346,4.033
3.092,2.158,1.275,6.880,1.542,9.565,9.778,1.974,0.680,9.897
3.723,1.275,3.190,2.661,0.595,6.415,7.391,5.660,8.299,1.733
1.193,9.086,1.072,9.218,9.627,8.614,2.205,4.090,6.152,3.848
2.166,5.074,8.003,8.117,5.672,7.179,8.645,3.657,5.407,8.949
9.376,3.308,9.601,4.535,5.539,3.603,7.603,5.076,5.878,8.957
2.617,7.361,2.821,8.847,9.472,0.573,5.079,5.231,8.091,1.385
1.815,0.486,8.598,4.635,6.462,2.656,4.644,0.051,3.348,6.767
5.598,5.077,2.060,5.186,7.077,0.511,2.801,1.613,0.986,8.918
2.585,5.141,7.988,3.735,6.630,8.381,5.375,4.308,4.418,8.634
5.599,2.648,6.059,3.479,9.087,0.272,3.894,4.344,9.556,1.252
