1.566,5.656,1.223,4.176,0.380,4.555,5.182,2.549,4.789,0.449
7.987,0.992,9.854,0.654,8.005,6.598,9.514,3.854,4.246,5.191
1.614,0.269,6.288,6.833,5.365,5.203,9.095,2.291,3.682,6.001
6.107,3.958,9.005,2.618,4.954,1.539,8.726,0.430,5.679,1.055
6.097,6.345,8.855,6.054,1.234,5.024,2.008,3.752,0.080,4.228
8.408,9.734,1.039,7.341,5.205,3.000,9.254,9.534,9.925,1.017
4.707,6.214,6.115,0.468,3.108,8.330,8.365,1.310,1.004,2.310
6.330,6.317,6.064,6.787,8.315,8.478,8.509,4.064,0.840,2.242
9.497,3.010,9.747,8.374,0.428,8.288,0.975,3.726,9.426,6.253
2.750,8.304,8.130,7.048,6.833,9.600,3.550,7.081,3.797,7.755
6.329,5.763,0.033,5.749,5.823,1.080,8.182,8.942,9.708,1.086
2.142,9.600,4.267,8.363,6.480,4.882,8.946,7.981,6.112,4.575
0.141,9.429,7.536,4.610,5.304,0.318,9.987,9.455,3.460,9.596
4.372,4.238,4.654,1.896,3.517,8.232,2.245,7.459,8.379,3.931
9.374,6.649,9.044,4.908,1.703,4.579,7.720,5.711,9.829,5.147
2.111,0.886,0.247,2.945,0.134,6.297,0.074,1.479,1.074,3.170
7.688,8.873,9.705,5.407,4.062,8.377,1.363,9.763,0.788,0.279
5.879,1.259,1.122,6.315,6.188,0.787,4.105,7.974,6.085,0.471
5.345,5.424,6.272,5.555,4.082,2.564,7.220,5.445,0.971,2.879
7.516,5.336,5.503,6.179,1.278,3.380,8.626,8.695,1.995,3.784
