1.052,0.179,0.936,7.035,6.814,3.514,3.451,0.635,2.883,9.415
4.654,1.561,7.516,2.302,3.028,6.997,0.984,1.155,7.396,7.394
6.438,3.952,2.919,7.959,8.768,4.468,1.674,1.574,7.291,4.764
8.700,2.226,1.006,7.506,0.090,7.356,7.479,6.186,3.441,7.608
8.311,6.471,1.634,9.109,1.118,0.791,0.493,7.449,5.094,7.879
8.912,7.315,1.633,6.511,6.539,8.611,9.245,7.669,0.815,3.954
9.418,3.854,6.076,2.073,0.078,7.631,8.708,7.466,8.391,9.258
4.373,9.279,7.028,0.515,0.875,2.502,9.339,0.507,4.150,9.480
9.512,9.655,6.458,8.844,4.932,5.865,6.896,1.128,4.745,6.655
3.867,1.426,7.627,8.878,7.347,1.612,3.386,7.238,2.984,6.990
4.912,3.136,9.352,2.336,2.781,2.893,9.291,8.597,9.663,0.799
8.089,8.457,9.941,7.241,7.132,4.801,9.396,3.731,2.800,8.473
0.497,4.987,5.795,6.256,2.664,3.917,8.586,6.221,3.466,8.358
8.978,2.403,5.379,1.219,9.238,8.715,0.745,2.921,8.920,3.360
4.660,5.679,7.263,0.424,7.906,3.930,4.420,3.005,3.983,4.685
1.815,4.809,1.326,5.203,3.060,9.957,1.263,1.831,9.360,9.687
3.046,9.547,6.228,8.608,5.342,9.844,1.680,0.979,5.231,2.163
0.190,6.656,5.579,8.552,3.575,9.043,3.309,4.998,1.385,3.432
4.088,8.492,9.754,6.991,9.854,2.409,0.703,4.606,5.462,0.398
8.615,9.859,1.528,3.322,1.512,7.529,6.319,0.571,3.456,6.846
