7.050,9.424,4.947,4.342,1.425,5.588,3.175,9.441,8.673,0.072
2.666,0.369,5.186,6.739,6.809,4.415,7.191,8.781,5.049,8.631
3.896,1.335,3.861,1.040,6.640,2.589,3.620,9.484,8.917,6.634
7.905,3.859,7.466,1.968,1.455,7.867,1.786,8.655,6.339,9.514
5.249,2.005,6.512,4.056,6.592,3.022,0.515,0.334,1.295,1.338
9.709,5.871,1.064,1.431,3.022,8.981,3.496,0.036,7.826,5.461
4.131,2.988,7.840,2.570,8.299,6.649,8.413,2.556,5.394,1.429
6.874,8.277,5.220,8.100,2.395,2.938,7.825,6.421,6.233,7.412
4.586,7.009,5.815,9.331,6.105,7.819,7.708,0.537,8.433,8.836
5.411,9.611,5.576,0.051,8.479,8.022,5.849,8.907,5.938,2.549
0.182,2.107,9.438,7.511,7.206,1.489,6.647,1.075,2.566,8.503
1.149,7.477,3.791,0.700,9.995,4.482,4.193,9.381,6.990,4.252
7.278,8.356,8.574,3.450,6.355,9.510,8.131,5.702,3.393,8.978
6.231,5.271,6.941,7.754,7.626,2.537,9.379,3.051,7.154,5.774
2.769,0.145,3.914,7.793,6.284,7.636,2.285,2.729,8.893,4.040
6.542,8.217,1.731,6.285,8.273,6.807,7.515,0.819,4.832,4.141
2.900,8.480,5.689,7.668,0.242,9.340,4.268,3.857,2.646,0.328
2.465,6.016,5.602,3.738,1.659,4.401,4.600,0.065,1.827,2.029
1.062,5.691,6.602,9.516,5.592,4.774,8.757,7.479,6.451,2.071
4.823,6.982,4.762,4.126,4.905,5.843,2.642,1.485,6.448,9.066
