7.632,5.178,5.982,8.594,0.548,8.026,0.581,9.534,6.578,4.421
8.362,9.734,9.433,8.749,4.839,3.056,6.214,7.780,4.271,3.501
4.516,2.432,4.026,6.395,8.391,8.440,8.493,0.296,3.682,1.984
7.782,5.349,7.520,1.984,7.898,8.710,1.051,0.103,9.247,3.793
5.400,1.627,6.675,2.531,7.329,9.837,1.743,8.834,1.032,4.048
4.242,1.011,1.781,0.214,8.042,8.119,8.990,9.773,8.305,6.823
5.771,6.209,7.349,4.119,9.448,5.677,1.397,7.443,5.776,0.675
8.615,7.398,9.886,9.863,1.670,7.108,5.469,2.759,4.816,8.580
9.602,1.555,6.074,1.751,0.970,7.014,1.612,1.540,9.623,7.869
7.967,4.137,1.293,2.869,9.232,1.338,1.636,0.617,9.406,3.324
0.227,2.397,0.219,5.411,3.501,4.345,2.471,8.325,6.967,0.344
6.035,3.152,9.654,5.669,3.045,5.740,3.863,5.100,0.291,0.583
3.071,9.409,9.539,4.648,6.469,4.460,8.069,2.690,6.156,3.637
6.207,3.441,3.472,1.640,6.720,4.435,4.496,9.246,9.669,6.182
5.647,3.115,8.852,6.223,8.690,0.173,4.784,0.886,5.441,5.816
3.721,9.023,2.040,3.084,6.623,2.593,6.520,0.361,2.301,7.078
3.711,5.421,0.357,4.044,0.925,4.846,6.602,4.030,6.773,0.537
7.155,9.488,8.465,9.142,7.570,2.027,4.137,2.207,3.602,9.569
1.976,3.300,8.629,4.424,0.329,5.967,5.673,3.483,8.815,0.955
5.490,2.127,0.653,3.466,6.541,2.271,7.308,4.730,0.471,8.793
