0.442,1.677,5.085,2.273,3.342,1.578,6.178,8.385,2.298,9.553
0.361,3.630,6.221,5.206,2.542,4.720,6.698,4.149,6.085,4.658
9.846,1.769,2.396,0.984,7.822,5.555,8.755,2.832,1.261,7.283
2.452,7.553,4.342,8.467,8.713,5.035,2.096,1.241,6.284,6.973
1.673,5.989,0.913,9.972,3.473,7.703,6.513,9.034,1.003,3.103
0.164,8.624,2.189,7.796,3.766,9.901,6.782,8.217,6.287,1.659
0.782,1.239,6.362,5.659,2.030,2.788,3.938,4.980,0.437,3.873
2.450,4.099,3.402,8.693,7.472,8.553,7.757,9.936,6.670,8.603
0.580,3.726,2.321,4.248,1.720,3.705,2.988,3.415,2.795,1.831
9.809,8.355,5.077,6.611,2.237,6.136,4.096,9.671,5.242,6.012
1.583,4.878,6.613,5.191,3.220,3.951,1.836,4.409,1.296,1.575
0.005,0.318,8.011,7.961,8.297,1.483,2.031,3.443,0.178,2.133
6.061,7.816,9.919,1.349,6.908,5.782,0.442,4.155,1.633,0.833
4.380,5.507,5.777,3.108,0.000,2.431,0.667,8.862,0.649,6.367
5.994,5.340,2.709,9.839,8.663,0.103,8.964,3.287,2.838,3.533
8.871,4.927,0.908,7.503,6.081,6.104,1.685,0.126,4.286,1.505
7.768,6.664,7.663,4.190,0.913,5.928,1.423,4.649,2.626,4.254
4.492,0.819,8.220,9.420,9.372,9.227,0.588,7.368,2.390,4.740
7.956,9.638,3.148,9.424,8.466,0.665,5.788,0.364,6.471,9.274
6.041,6.978,9.025,1.923,8.158,3.170,8.293,1.368,0.671,3.071
