2.829,3.504,4.085,3.975,2.874,0.247,9.065,5.961,4.816,3.066
2.787,6.141,2.364,2.680,4.447,9.398,5.276,5.890,5.418,8.922
3.578,8.750,5.505,9.522,0.566,0.534,2.939,0.514,4.706,7.398
0.405,2.662,5.049,3.204,8.669,3.028,3.854,1.198,5.240,9.251
6.461,2.424,9.279,1.077,8.471,5.428,5.808,8.601,4.563,0.325
1.936,8.433,1.370,6.157,3.864,0.984,5.200,5.244,3.865,5.961
1.671,1.883,1.242,3.584,0.172,9.680,9.178,0.845,0.965,1.237
9.737,5.759,3.709,7.732,2.191,2.702,9.789,8.464,6.094,4.334
1.834,7.517,7.560,4.456,4.139,1.819,7.628,4.966,4.817,6.023
2.704,0.561,7.025,7.606,2.651,7.186,2.751,6.071,8.948,4.734
7.950,4.549,7.005,4.321,1.091,0.181,7.620,1.969,5.980,2.739
4.952,5.351,6.233,3.927,6.540,3.367,1.513,1.964,3.870,2.061
3.955,5.792,0.671,4.421,9.244,3.852,1.417,9.572,5.172,0.732
0.584,7.587,9.191,7.560,9.052,4.874,9.966,1.838,3.860,3.266
7.003,2.038,4.509,6.606,2.172,9.875,5.102,6.889,3.745,2.491
6.440,1.788,5.436,3.032,1.373,4.809,0.594,2.083,1.859,3.315
9.839,4.270,4.284,6.070,3.076,3.995,3.197,9.381,0.794,4.640
3.737,2.522,6.797,7.237,6.347,8.332,5.731,3.149,2.991,1.440
7.164,0.058,0.178,6.376,5.610,6.978,7.248,1.809,4.363,9.011
0.458,7.212,0.621,4.648,9.657,8.430,1.520,3.185,8.428,5.572
